7 0.758855 0.854588 0.016401 0.088802
4 0.634824 0.811400 0.030839 0.034059
4 0.544920 0.578421 0.026904 0.037714
9 0.842525 0.566260 0.028876 0.096096
4 0.569530 0.218942 0.028876 0.031633
4 0.798918 0.846065 0.028289 0.025537
7 0.591514 0.334510 0.019035 0.082737
4 0.608574 0.342418 0.011158 0.047449
14 0.251581 0.489736 0.063649 0.163017
4 0.379220 0.689743 0.030185 0.029191
6 0.861665 0.745801 0.143716 0.199627
13 0.773947 0.714075 0.021653 0.053530
13 0.775591 0.669673 0.026250 0.023110
13 0.769681 0.754821 0.028876 0.023110
4 0.767060 0.419059 0.015747 0.059611
13 0.726372 0.588771 0.017055 0.021897
13 0.190222 0.622224 0.026250 0.062053
4 0.651888 0.400210 0.030839 0.026765
4 0.705046 0.397768 0.025596 0.029191
4 0.770667 0.796190 0.028213 0.025537
4 0.777559 0.599106 0.028876 0.025552
4 0.780180 0.628305 0.031502 0.030420
4 0.752294 0.594852 0.026904 0.019471
13 0.548205 0.329036 0.012466 0.052317
13 0.733259 0.389868 0.026904 0.059611
13 0.640403 0.731104 0.027567 0.048647
13 0.645000 0.603974 0.023624 0.052302
4 0.651560 0.454339 0.028876 0.020684
6 0.851711 0.286454 0.131242 0.164230
6 0.609685 0.902170 0.226401 0.056936
6 0.402517 0.877698 0.181779 0.064479
1 0.225986 0.627698 0.038716 0.029207
0 0.731619 0.464673 0.057752 0.070560
0 0.804169 0.545583 0.036158 0.062053
0 0.650247 0.515778 0.040680 0.072986
4 0.740831 0.285280 0.057752 0.122877
4 0.677504 0.263989 0.061032 0.126516
0 0.816607 0.425747 0.079404 0.126516
1 0.637122 0.771252 0.035436 0.034075
0 0.716195 0.178795 0.055780 0.082722
5 0.566904 0.333297 0.022315 0.065692
6 0.330659 0.509082 0.051183 0.122862
1 0.643029 0.648989 0.035436 0.040156
1 0.640730 0.686703 0.034782 0.032846
6 0.587903 0.145342 0.177181 0.069347
6 0.199505 0.853888 0.181779 0.065816
6 0.061246 0.491089 0.058079 0.731135
6 0.193658 0.090529 0.183742 0.064510
6 0.391607 0.110886 0.179807 0.074961
0 0.709635 0.664199 0.059723 0.109487
0 0.453595 0.527045 0.160109 0.290824
4 0.701451 0.584518 0.026292 0.020669
4 0.673217 0.577838 0.024941 0.021928
5 0.729320 0.539495 0.099094 0.091244
6 0.714560 0.849114 0.070881 0.087589
