6 0.913725 0.462854 0.046594 0.718989
6 0.806103 0.881345 0.180461 0.049876
6 0.613171 0.884386 0.183087 0.053530
6 0.353628 0.124051 0.232307 0.058398
6 0.130503 0.794969 0.136493 0.147201
4 0.428767 0.807745 0.033473 0.029207
4 0.338859 0.217722 0.028221 0.029191
6 0.100315 0.314432 0.149622 0.195863
14 0.733918 0.477574 0.059715 0.170327
6 0.254534 0.186089 0.068247 0.080295
7 0.402517 0.689129 0.019027 0.088802
7 0.207613 0.190956 0.020344 0.085148
6 0.656481 0.474409 0.050529 0.124090
5 0.254866 0.504829 0.105654 0.070560
5 0.427454 0.685482 0.020344 0.069347
6 0.412034 0.884992 0.185059 0.045008
4 0.387097 0.688523 0.010503 0.046221
9 0.130508 0.496921 0.031502 0.100964
6 0.564610 0.117970 0.179153 0.048663
6 0.758855 0.125879 0.176535 0.064479
13 0.197773 0.379518 0.026904 0.021897
4 0.313620 0.773110 0.061686 0.120435
4 0.251602 0.771291 0.059715 0.119222
13 0.252563 0.658717 0.026250 0.057185
13 0.448125 0.690350 0.013129 0.052302
4 0.338532 0.579036 0.023624 0.029207
4 0.338205 0.629526 0.025587 0.027978
4 0.282752 0.648383 0.027567 0.024323
0 0.279799 0.876485 0.063658 0.064479
0 0.535076 0.474417 0.154211 0.284666
0 0.337223 0.516991 0.041997 0.077869
0 0.252240 0.582076 0.064966 0.066921
0 0.267659 0.369184 0.063003 0.105832
0 0.167911 0.638033 0.087936 0.113142
0 0.171850 0.509090 0.036753 0.059611
13 0.785105 0.346680 0.024287 0.060824
13 0.253553 0.453733 0.025596 0.026750
4 0.220738 0.637434 0.013775 0.055956
4 0.226971 0.456166 0.023624 0.031617
4 0.199409 0.453733 0.027559 0.024323
4 0.196787 0.429401 0.024933 0.024339
4 0.282424 0.455560 0.024279 0.025552
4 0.310642 0.456773 0.028213 0.027978
4 0.198427 0.251174 0.028213 0.027978
13 0.336565 0.424533 0.026250 0.058398
13 0.336892 0.301058 0.026904 0.052317
13 0.199740 0.291928 0.029530 0.024323
13 0.199740 0.333297 0.024279 0.053530
4 0.441560 0.440350 0.028876 0.034075
4 0.601355 0.305925 0.025596 0.032846
1 0.338859 0.375264 0.040034 0.037714
1 0.338205 0.339984 0.034782 0.032846
1 0.337223 0.254215 0.035436 0.031633
1 0.749996 0.346073 0.035445 0.027978
4 0.164958 0.200692 0.029530 0.024339
