0 0.852387 0.426983 0.034153 0.063297
13 0.780185 0.490840 0.027567 0.023110
9 0.888133 0.430614 0.026904 0.092457
4 0.879916 0.710871 0.026292 0.023110
4 0.637122 0.290109 0.011812 0.042582
7 0.620390 0.296796 0.022978 0.087589
6 0.928972 0.590264 0.141065 0.197512
13 0.710294 0.659331 0.022970 0.051104
13 0.702102 0.539502 0.023649 0.054743
13 0.261292 0.722885 0.017752 0.057185
13 0.840554 0.641073 0.023624 0.021897
13 0.840558 0.600933 0.020998 0.063266
13 0.836284 0.554098 0.017735 0.020669
13 0.763049 0.292970 0.018230 0.054743
13 0.579702 0.300451 0.012475 0.043795
4 0.602013 0.545583 0.022970 0.025537
4 0.452391 0.718328 0.021661 0.030404
14 0.307391 0.571579 0.064933 0.160575
7 0.841544 0.740840 0.024279 0.090016
1 0.300470 0.710420 0.036745 0.034059
1 0.703402 0.580855 0.030193 0.032846
1 0.708326 0.617356 0.032156 0.032846
1 0.711640 0.702519 0.033398 0.030420
4 0.753276 0.497566 0.017055 0.021975
4 0.726044 0.499347 0.020344 0.020684
4 0.831044 0.505435 0.020344 0.020669
4 0.846137 0.680008 0.016401 0.024339
0 0.694543 0.445218 0.038716 0.072986
4 0.716527 0.740840 0.017064 0.019471
4 0.586594 0.189743 0.022315 0.024339
4 0.686342 0.334510 0.018372 0.024323
4 0.738184 0.310785 0.020998 0.027978
4 0.799216 0.305925 0.015747 0.042582
4 0.693888 0.386827 0.021653 0.021897
4 0.831372 0.476244 0.015747 0.027978
4 0.805776 0.487792 0.022307 0.024323
5 0.598406 0.303484 0.022315 0.064479
6 0.796913 0.745101 0.067584 0.076641
4 0.758549 0.182481 0.057752 0.107045
4 0.698830 0.191586 0.062995 0.120404
5 0.774933 0.443390 0.093188 0.071788
6 0.869430 0.141687 0.135185 0.161788
6 0.705583 0.830599 0.219841 0.055257
0 0.507445 0.538383 0.154824 0.271291
0 0.773624 0.578429 0.052500 0.083950
6 0.384467 0.552271 0.049874 0.124075
6 0.595428 0.104269 0.178490 0.050747
6 0.401468 0.144495 0.182433 0.050109
6 0.203196 0.186376 0.187685 0.061493
6 0.118175 0.634495 0.056938 0.728709
6 0.298343 0.935809 0.183750 0.053235
6 0.499799 0.887201 0.176527 0.055117
0 0.846791 0.297403 0.087273 0.108274
0 0.770667 0.374044 0.063649 0.064479
0 0.723414 0.094852 0.070218 0.063266
