13 0.638435 0.757255 0.020998 0.047449
13 0.773620 0.762131 0.018381 0.066905
4 0.623666 0.363118 0.011158 0.040171
13 0.562638 0.347278 0.013784 0.042582
4 0.794656 0.894627 0.029530 0.023250
13 0.730310 0.628911 0.018372 0.019471
9 0.849711 0.622030 0.030277 0.103406
13 0.776246 0.715295 0.019690 0.026765
13 0.746716 0.428188 0.019690 0.060824
13 0.767714 0.804697 0.018381 0.025568
13 0.191208 0.593025 0.022970 0.062037
13 0.648280 0.632566 0.022315 0.055956
1 0.231896 0.604588 0.030839 0.041369
1 0.641384 0.714075 0.029530 0.031633
14 0.261753 0.466625 0.063003 0.165443
7 0.754572 0.897162 0.019715 0.081509
1 0.643029 0.680614 0.030185 0.037714
1 0.633515 0.801058 0.029530 0.035272
7 0.605956 0.356407 0.020302 0.097325
4 0.704417 0.622830 0.015159 0.034059
5 0.582982 0.355801 0.016401 0.069331
0 0.458951 0.537675 0.163406 0.296843
0 0.739169 0.214681 0.058406 0.076641
0 0.710621 0.704339 0.060369 0.107061
0 0.739497 0.499355 0.064312 0.074199
0 0.827538 0.474650 0.079404 0.123546
0 0.812995 0.595459 0.035436 0.064479
0 0.657198 0.542146 0.031107 0.064417
6 0.339518 0.488398 0.049220 0.132597
6 0.711607 0.886213 0.066284 0.093670
6 0.611430 0.162667 0.177844 0.047481
6 0.412890 0.103087 0.183096 0.061260
6 0.217752 0.049774 0.183087 0.057745
6 0.067013 0.442667 0.058926 0.749160
6 0.192777 0.821205 0.189648 0.065272
6 0.393964 0.872784 0.186367 0.075988
5 0.734904 0.577823 0.094505 0.090016
6 0.603633 0.912488 0.229027 0.078320
6 0.858930 0.804075 0.141686 0.197760
6 0.872399 0.328072 0.130654 0.147341
4 0.755923 0.314471 0.059060 0.103406
4 0.698494 0.304129 0.051854 0.116812
4 0.378234 0.683663 0.019035 0.024339
4 0.550172 0.591804 0.019035 0.032846
4 0.631875 0.838771 0.026250 0.030420
4 0.766082 0.840591 0.020352 0.019471
4 0.782152 0.669673 0.019690 0.032846
4 0.784451 0.642294 0.015092 0.026765
4 0.755902 0.637426 0.017055 0.038927
4 0.678138 0.608841 0.019027 0.027978
4 0.777555 0.458600 0.014438 0.046221
4 0.718826 0.432442 0.021661 0.025537
4 0.661405 0.481104 0.024941 0.025537
4 0.665994 0.431229 0.019690 0.023110
4 0.591187 0.239005 0.026250 0.032846
