5 0.437953 0.697037 0.022970 0.072986
5 0.266019 0.512737 0.100411 0.074215
4 0.260461 0.781019 0.059060 0.116781
4 0.325759 0.781633 0.066284 0.118009
13 0.459283 0.703118 0.015747 0.048663
13 0.214505 0.390474 0.027567 0.024339
13 0.214178 0.301058 0.024279 0.018258
13 0.351003 0.311400 0.026250 0.053530
13 0.267991 0.464681 0.026904 0.021897
4 0.397596 0.700692 0.014438 0.051089
4 0.180382 0.215288 0.026250 0.019471
13 0.266346 0.667232 0.024941 0.052317
13 0.215491 0.350327 0.026904 0.053530
9 0.144941 0.502395 0.031493 0.097325
13 0.351657 0.437916 0.026250 0.053530
13 0.794622 0.364930 0.023624 0.053530
4 0.352315 0.232317 0.022315 0.019471
0 0.545575 0.487193 0.150277 0.276159
0 0.180709 0.648375 0.085965 0.126516
0 0.268645 0.589984 0.071535 0.065692
0 0.349362 0.526726 0.033473 0.063250
0 0.282424 0.380739 0.062349 0.107045
0 0.185629 0.513344 0.038054 0.060840
0 0.292596 0.883173 0.069555 0.073002
7 0.223037 0.203733 0.018372 0.079067
7 0.414002 0.699479 0.018372 0.082722
14 0.745076 0.496439 0.057097 0.164230
1 0.349358 0.387434 0.038716 0.035272
1 0.351330 0.355194 0.033465 0.031633
1 0.351330 0.270645 0.032156 0.035288
1 0.759547 0.366143 0.034849 0.041369
6 0.665344 0.498748 0.047248 0.124090
6 0.423519 0.892294 0.179153 0.049876
6 0.621703 0.897170 0.187030 0.054743
6 0.815289 0.894121 0.177844 0.053530
6 0.922261 0.485972 0.050529 0.709238
6 0.770667 0.145342 0.180461 0.062037
6 0.577081 0.133779 0.181779 0.051104
6 0.372659 0.139860 0.224430 0.053530
6 0.267005 0.201299 0.065621 0.076656
6 0.143633 0.796796 0.129933 0.141120
6 0.111804 0.324774 0.146342 0.204386
4 0.215159 0.263950 0.023624 0.024323
4 0.441237 0.813219 0.026904 0.023110
4 0.348377 0.587551 0.030193 0.026765
4 0.349362 0.641687 0.030839 0.023126
4 0.294564 0.654463 0.027567 0.024323
4 0.231565 0.645949 0.014438 0.048663
4 0.214505 0.437924 0.027567 0.026765
4 0.212865 0.460420 0.030847 0.023110
4 0.240096 0.464075 0.027559 0.025537
4 0.297517 0.470156 0.024279 0.027994
4 0.452391 0.451299 0.026913 0.026765
4 0.614480 0.324168 0.024279 0.025537
4 0.324421 0.470762 0.024279 0.029207
