13 0.444186 0.673927 0.013121 0.046236
13 0.332626 0.416633 0.027567 0.049876
13 0.331313 0.291936 0.026250 0.048663
13 0.195147 0.333320 0.026904 0.063219
13 0.194815 0.290109 0.028876 0.023110
13 0.196460 0.375871 0.028221 0.024339
13 0.251581 0.650202 0.024287 0.054743
13 0.774606 0.323561 0.022970 0.053530
4 0.330331 0.210420 0.025596 0.031633
4 0.195474 0.252395 0.024941 0.032846
4 0.194492 0.422706 0.032156 0.020684
4 0.193503 0.444603 0.027559 0.020684
4 0.222051 0.444603 0.020344 0.023110
4 0.277831 0.444611 0.025596 0.027978
4 0.305063 0.445824 0.024941 0.027978
4 0.334924 0.566866 0.024279 0.036501
4 0.338205 0.617356 0.028221 0.035272
4 0.281439 0.639261 0.027559 0.027978
4 0.425810 0.790715 0.026250 0.026750
4 0.218771 0.633173 0.019035 0.057170
4 0.435982 0.424533 0.029530 0.029191
4 0.595453 0.286454 0.028221 0.032846
13 0.248628 0.446431 0.026250 0.024339
6 0.554107 0.108235 0.179153 0.051089
6 0.347718 0.124051 0.229681 0.058398
0 0.261095 0.364316 0.062995 0.096096
0 0.167257 0.631960 0.087936 0.118009
0 0.249610 0.571734 0.061032 0.060824
0 0.523922 0.457379 0.163398 0.284681
4 0.313943 0.759121 0.058406 0.133826
4 0.250289 0.763989 0.062341 0.121664
6 0.415642 0.865529 0.187022 0.047449
1 0.331313 0.328429 0.036753 0.031633
1 0.331317 0.368569 0.035436 0.034059
1 0.327706 0.245700 0.030847 0.026765
1 0.737852 0.320521 0.034782 0.030404
5 0.422529 0.670272 0.020998 0.070560
5 0.250600 0.496921 0.107626 0.076641
6 0.608578 0.858235 0.184404 0.057185
6 0.802823 0.845459 0.176535 0.041369
6 0.094413 0.314432 0.152248 0.195863
6 0.133456 0.788281 0.133221 0.148414
0 0.280457 0.860062 0.068901 0.065692
0 0.336892 0.506050 0.037408 0.065692
0 0.171518 0.506042 0.040034 0.072986
6 0.248297 0.183048 0.064966 0.074215
6 0.899291 0.440350 0.061032 0.710467
6 0.748683 0.109448 0.177181 0.048663
4 0.159052 0.203118 0.026913 0.026765
6 0.647622 0.454946 0.045931 0.116796
4 0.384144 0.675140 0.012466 0.051089
9 0.128209 0.494487 0.032156 0.098554
7 0.398578 0.676361 0.020344 0.087589
7 0.202362 0.187309 0.021653 0.085163
14 0.723121 0.456291 0.060436 0.159362
