6 0.344765 0.453733 0.051846 0.126532
0 0.469455 0.471376 0.171275 0.300482
0 0.714228 0.079036 0.064966 0.075428
0 0.822508 0.311400 0.080721 0.121649
0 0.817949 0.439129 0.034841 0.063266
0 0.729325 0.568087 0.057089 0.104635
0 0.663372 0.422706 0.039379 0.076641
1 0.248628 0.591812 0.038062 0.035288
5 0.739165 0.438523 0.097777 0.074215
5 0.574782 0.256042 0.018372 0.066921
0 0.741791 0.361882 0.062341 0.062053
4 0.683083 0.172138 0.066938 0.135039
1 0.660747 0.680614 0.035436 0.027978
4 0.742471 0.178227 0.058398 0.127745
6 0.586594 0.066866 0.181124 0.058398
6 0.391032 0.057138 0.185067 0.063266
6 0.074069 0.473196 0.047248 0.739673
1 0.663372 0.558966 0.036745 0.035288
1 0.662718 0.597286 0.041997 0.036501
6 0.191535 0.052271 0.190302 0.063266
7 0.786091 0.750568 0.017064 0.080295
7 0.597089 0.252387 0.018372 0.081509
9 0.856309 0.450078 0.028876 0.097325
13 0.209585 0.589378 0.025596 0.057170
13 0.792324 0.649596 0.029530 0.017045
13 0.793305 0.606407 0.022315 0.054743
13 0.793310 0.561392 0.027559 0.018243
13 0.662060 0.641081 0.024941 0.048663
13 0.662387 0.512729 0.025596 0.049876
13 0.740810 0.286462 0.022307 0.049876
13 0.554765 0.251182 0.012466 0.042582
14 0.265680 0.453857 0.057735 0.161804
4 0.687982 0.484759 0.026904 0.023110
4 0.714560 0.486579 0.024941 0.019471
4 0.768041 0.488398 0.028213 0.023110
4 0.794622 0.513344 0.030185 0.024323
4 0.793964 0.489619 0.027559 0.025552
4 0.794325 0.686089 0.024354 0.024339
4 0.660747 0.719549 0.032819 0.032846
4 0.400222 0.631345 0.026250 0.024339
4 0.560013 0.493872 0.025596 0.031633
4 0.573142 0.141695 0.025596 0.032846
4 0.774933 0.301058 0.018372 0.054743
4 0.715541 0.298624 0.026904 0.025552
4 0.663045 0.361275 0.029530 0.034059
4 0.661078 0.310179 0.032156 0.029191
4 0.613826 0.256649 0.013775 0.048663
4 0.823494 0.729883 0.031502 0.026765
6 0.740155 0.747527 0.066938 0.076641
13 0.740151 0.486579 0.023624 0.019471
6 0.855977 0.170272 0.125344 0.148414
6 0.642043 0.805311 0.225092 0.063250
6 0.435327 0.816874 0.185721 0.052317
6 0.228943 0.812006 0.188993 0.066905
6 0.883213 0.624051 0.141745 0.187356
