4 0.671925 0.294409 0.061686 0.114355
6 0.419581 0.943390 0.188339 0.047434
6 0.215814 0.951299 0.187685 0.053515
4 0.732626 0.293795 0.062349 0.115583
5 0.561326 0.372830 0.017718 0.064479
5 0.727030 0.552877 0.094497 0.079067
4 0.705373 0.414199 0.026250 0.023110
4 0.783792 0.804098 0.026913 0.024339
4 0.779853 0.630124 0.021653 0.021897
4 0.780508 0.605801 0.020344 0.021897
4 0.754589 0.610669 0.019681 0.024323
6 0.876321 0.746291 0.138465 0.198243
4 0.557060 0.260910 0.026250 0.030404
4 0.649916 0.479883 0.029530 0.027978
6 0.728997 0.869790 0.062995 0.075412
6 0.629904 0.929401 0.228364 0.058398
0 0.455671 0.589378 0.156846 0.278600
0 0.649262 0.543756 0.036091 0.068134
0 0.728339 0.482932 0.057752 0.058398
0 0.718201 0.686695 0.049153 0.093670
6 0.847479 0.279767 0.125411 0.160591
6 0.571829 0.181221 0.180470 0.038927
4 0.648935 0.430008 0.027567 0.023126
6 0.054056 0.605194 0.049220 0.748180
13 0.781166 0.723802 0.021661 0.051089
13 0.649266 0.757263 0.025596 0.052317
4 0.764107 0.423320 0.009841 0.036501
4 0.701435 0.607014 0.019681 0.021897
4 0.674857 0.603367 0.024279 0.024339
9 0.846464 0.563834 0.030193 0.093670
13 0.729652 0.605187 0.024941 0.027978
4 0.546892 0.622830 0.021653 0.024323
4 0.383486 0.757869 0.021653 0.024323
4 0.600046 0.376477 0.016401 0.049876
4 0.814635 0.850933 0.032156 0.023110
13 0.780512 0.767605 0.029530 0.019471
13 0.647294 0.631345 0.024287 0.051089
13 0.728347 0.404463 0.022299 0.054743
13 0.540986 0.369790 0.013784 0.043810
13 0.191862 0.718935 0.025587 0.058398
13 0.781497 0.680008 0.027559 0.019456
4 0.648280 0.839370 0.027567 0.026765
1 0.650575 0.801058 0.037408 0.035272
1 0.649593 0.679401 0.039371 0.032862
1 0.649262 0.714075 0.036091 0.031633
6 0.374299 0.173927 0.185713 0.058398
1 0.232550 0.721983 0.042651 0.030404
0 0.701435 0.193997 0.060369 0.074215
0 0.806791 0.554705 0.033532 0.063250
0 0.812013 0.425754 0.076779 0.119222
7 0.774279 0.869184 0.017064 0.083935
7 0.583310 0.371610 0.015747 0.081509
14 0.248301 0.579767 0.057089 0.167869
6 0.332626 0.577216 0.048557 0.130171
6 0.174476 0.176361 0.195562 0.046221
