5 0.582982 0.305311 0.022961 0.058398
13 0.769027 0.486579 0.023624 0.017045
4 0.443859 0.731104 0.026913 0.034059
13 0.249610 0.746921 0.025596 0.053530
13 0.563293 0.308966 0.015092 0.041353
4 0.590856 0.555311 0.024279 0.037714
13 0.834652 0.632558 0.024941 0.017030
13 0.827106 0.549230 0.026913 0.018243
13 0.830155 0.590490 0.025596 0.057434
13 0.701762 0.662364 0.030839 0.054743
13 0.692592 0.538935 0.025503 0.049876
13 0.752307 0.290855 0.025604 0.055956
4 0.740151 0.495700 0.022315 0.023126
5 0.765130 0.436166 0.096468 0.072053
0 0.685654 0.447030 0.033960 0.065692
4 0.874681 0.707994 0.024933 0.024323
6 0.923108 0.583802 0.148968 0.189253
0 0.755902 0.366143 0.060378 0.063266
6 0.793079 0.748165 0.068993 0.087589
0 0.838951 0.414199 0.036158 0.074215
4 0.746078 0.183087 0.056435 0.115568
4 0.682685 0.193795 0.063658 0.120435
6 0.697248 0.846983 0.227064 0.072131
6 0.491661 0.908593 0.181124 0.064059
6 0.292273 0.963834 0.187685 0.062442
6 0.104799 0.652053 0.061980 0.693437
6 0.186900 0.211540 0.184404 0.050949
6 0.382840 0.156470 0.184404 0.046345
6 0.580570 0.107706 0.175218 0.056034
6 0.853981 0.128188 0.133867 0.146858
0 0.703427 0.087364 0.064253 0.070560
0 0.833372 0.291322 0.084060 0.120435
0 0.764480 0.570995 0.057668 0.100964
0 0.498729 0.545397 0.160646 0.294743
6 0.376401 0.575474 0.055990 0.132597
1 0.695856 0.585723 0.033473 0.032846
1 0.698809 0.617963 0.035436 0.031633
1 0.707009 0.704946 0.037408 0.032846
1 0.290956 0.736579 0.038725 0.035272
4 0.570512 0.192784 0.024279 0.027994
4 0.676497 0.336337 0.030193 0.025552
4 0.727026 0.305319 0.027559 0.031633
4 0.787072 0.299837 0.017718 0.052302
4 0.679451 0.385607 0.024287 0.031617
4 0.717840 0.503002 0.024941 0.015801
4 0.795277 0.484145 0.023624 0.026765
4 0.821527 0.473196 0.023624 0.024339
4 0.821854 0.501781 0.019027 0.025552
4 0.837932 0.672706 0.028867 0.019471
4 0.709966 0.739012 0.028876 0.027978
7 0.835759 0.738865 0.023163 0.085163
9 0.879883 0.415622 0.027047 0.093204
4 0.624656 0.293756 0.013121 0.040140
14 0.294237 0.594370 0.066275 0.153281
7 0.606607 0.298009 0.024287 0.085163
