4 0.205646 0.485365 0.022970 0.024323
4 0.177756 0.456773 0.024941 0.023126
4 0.586594 0.346065 0.024933 0.020684
4 0.420893 0.478670 0.025596 0.027978
4 0.319501 0.256050 0.031502 0.032846
6 0.636791 0.524292 0.049220 0.128958
0 0.315566 0.554705 0.032810 0.068134
0 0.152492 0.538281 0.034782 0.062037
9 0.110491 0.527947 0.032156 0.097325
0 0.259128 0.909938 0.063003 0.065692
0 0.145927 0.669666 0.080713 0.113142
0 0.230579 0.616143 0.029530 0.052317
0 0.247647 0.407504 0.050529 0.094883
0 0.515390 0.520039 0.156837 0.288320
13 0.233209 0.487185 0.025596 0.023110
13 0.180378 0.322955 0.035436 0.025537
13 0.178742 0.366750 0.029530 0.057170
13 0.178079 0.409938 0.029530 0.019471
13 0.317861 0.461026 0.024279 0.053530
13 0.318846 0.335117 0.026250 0.052317
13 0.230252 0.694611 0.024933 0.060824
13 0.424497 0.728670 0.011812 0.048663
13 0.769027 0.398375 0.022315 0.059611
4 0.146581 0.235365 0.032156 0.032846
4 0.407110 0.846680 0.026904 0.029191
4 0.315566 0.618577 0.026250 0.027978
4 0.315893 0.666019 0.033465 0.030420
4 0.258469 0.681229 0.020998 0.029207
4 0.195801 0.671501 0.012475 0.048663
4 0.181363 0.284028 0.028213 0.023110
4 0.289643 0.490832 0.020344 0.025552
4 0.261426 0.490840 0.024279 0.020684
4 0.177756 0.482932 0.022307 0.024339
7 0.379874 0.728064 0.018372 0.083935
7 0.188914 0.221376 0.020998 0.080295
6 0.076695 0.343033 0.148305 0.206812
6 0.101628 0.821128 0.135185 0.148414
6 0.236162 0.217115 0.061686 0.081509
1 0.321799 0.290101 0.038716 0.037714
14 0.713578 0.526236 0.055780 0.155708
1 0.730310 0.389860 0.035436 0.035272
1 0.320159 0.378911 0.040688 0.032846
1 0.319174 0.412372 0.037408 0.029191
6 0.387093 0.923313 0.183750 0.043795
5 0.233209 0.535241 0.101720 0.080280
5 0.404484 0.726236 0.020344 0.065692
6 0.589216 0.928188 0.183750 0.058398
6 0.784153 0.931221 0.174631 0.047449
6 0.894371 0.518212 0.041997 0.715334
6 0.747370 0.169673 0.174555 0.064479
6 0.547546 0.160544 0.183096 0.055956
6 0.338536 0.162978 0.230998 0.060824
4 0.227320 0.810218 0.061032 0.107061
4 0.365113 0.726851 0.009841 0.047449
4 0.291963 0.811439 0.063003 0.111928
