1 0.696837 0.715288 0.035436 0.031633
0 0.502265 0.506042 0.159463 0.289533
0 0.773620 0.395342 0.059069 0.060824
0 0.859262 0.339378 0.082030 0.121649
0 0.699463 0.455552 0.041997 0.074215
0 0.762139 0.602154 0.058406 0.092457
0 0.854996 0.468942 0.032810 0.066905
0 0.749010 0.111890 0.064966 0.070560
1 0.697496 0.593025 0.032810 0.027978
1 0.696510 0.631345 0.036091 0.029191
1 0.283406 0.628305 0.035436 0.030420
5 0.607592 0.286462 0.021007 0.069347
5 0.777232 0.467107 0.099094 0.075428
6 0.893058 0.196431 0.125998 0.147201
6 0.621703 0.093025 0.183087 0.062037
6 0.423842 0.089984 0.186376 0.068118
6 0.222378 0.088157 0.190310 0.057185
6 0.105898 0.515778 0.045285 0.737216
6 0.267659 0.855801 0.187685 0.052317
6 0.470109 0.855194 0.185721 0.043795
6 0.678138 0.846672 0.226409 0.053530
6 0.381841 0.492053 0.049874 0.122862
4 0.718846 0.203165 0.062341 0.133826
4 0.777580 0.207426 0.057743 0.125303
6 0.777555 0.785848 0.069555 0.077854
4 0.751015 0.517582 0.023037 0.028009
14 0.298171 0.489129 0.058406 0.161804
9 0.892399 0.481104 0.030185 0.093686
7 0.633842 0.282201 0.019681 0.082722
7 0.821854 0.782193 0.015101 0.080404
4 0.648935 0.286462 0.010503 0.047449
4 0.862211 0.764565 0.026250 0.025552
13 0.589543 0.284020 0.009841 0.040140
6 0.920617 0.657504 0.141753 0.188569
13 0.244035 0.629518 0.027567 0.054743
4 0.606279 0.172100 0.028867 0.040156
4 0.697823 0.342418 0.032156 0.027978
4 0.749010 0.326602 0.033473 0.027978
4 0.811384 0.338157 0.017651 0.048663
4 0.695201 0.396555 0.030839 0.024339
4 0.721120 0.516384 0.026250 0.027978
4 0.799211 0.518212 0.023624 0.029207
4 0.829073 0.516991 0.024287 0.024339
4 0.828746 0.544362 0.024941 0.025552
4 0.830386 0.717722 0.029530 0.029191
4 0.699463 0.752395 0.034128 0.030420
4 0.434346 0.670886 0.034128 0.023110
4 0.596107 0.536462 0.033473 0.026765
13 0.776573 0.318694 0.024287 0.053530
13 0.830055 0.595459 0.026250 0.018258
13 0.829732 0.639860 0.024279 0.053530
13 0.827760 0.682442 0.028221 0.019471
13 0.697181 0.548017 0.025570 0.049876
13 0.697496 0.673320 0.022307 0.049876
13 0.776900 0.520031 0.019690 0.023110
