0 0.439593 0.563219 0.153565 0.274930
0 0.704715 0.660544 0.055117 0.085163
4 0.635151 0.453126 0.023624 0.018258
1 0.636464 0.780373 0.032810 0.027994
1 0.637450 0.692784 0.034782 0.025537
1 0.636137 0.654456 0.030847 0.026765
6 0.829727 0.252387 0.126653 0.147201
0 0.686338 0.167846 0.056435 0.058398
0 0.798557 0.395342 0.081376 0.114355
0 0.716200 0.452519 0.061023 0.063266
0 0.794983 0.525505 0.030906 0.055956
14 0.237475 0.559697 0.057752 0.169098
7 0.762139 0.836944 0.017718 0.082722
4 0.686669 0.386827 0.017718 0.021897
4 0.747370 0.394728 0.010495 0.040156
7 0.569203 0.346680 0.016409 0.082722
6 0.862869 0.718942 0.133876 0.187341
0 0.637777 0.519425 0.036745 0.055956
1 0.222051 0.697652 0.036099 0.030420
4 0.542953 0.230498 0.019027 0.020684
4 0.741791 0.579642 0.013784 0.025537
4 0.663372 0.578429 0.015755 0.023110
5 0.715575 0.529152 0.096535 0.070560
5 0.546560 0.347893 0.019681 0.068134
4 0.768372 0.575995 0.018372 0.020669
4 0.767714 0.601540 0.015747 0.020684
4 0.770013 0.777947 0.016401 0.020684
4 0.532781 0.597286 0.020998 0.024339
4 0.375281 0.738406 0.022307 0.026765
4 0.688310 0.576602 0.018381 0.019456
4 0.639421 0.816260 0.022970 0.026765
4 0.656829 0.267030 0.057752 0.110700
4 0.716879 0.265816 0.058406 0.113126
4 0.632857 0.402030 0.025596 0.020669
13 0.768041 0.652030 0.026904 0.017030
13 0.768372 0.695824 0.018372 0.058398
9 0.832353 0.535848 0.032156 0.096112
4 0.585608 0.348507 0.013784 0.042582
4 0.803511 0.819914 0.032223 0.026765
13 0.717840 0.579036 0.019690 0.019471
13 0.527529 0.349106 0.010495 0.036501
13 0.181690 0.699471 0.024941 0.055956
13 0.636795 0.609456 0.021661 0.053530
13 0.637122 0.734145 0.022315 0.047449
13 0.767714 0.740840 0.024941 0.024323
6 0.618746 0.905684 0.230998 0.037714
6 0.407110 0.919666 0.180461 0.036501
6 0.204660 0.925747 0.185059 0.058398
6 0.041581 0.582084 0.055780 0.750607
6 0.159706 0.156890 0.185721 0.053530
6 0.359207 0.148981 0.184404 0.059611
6 0.557391 0.154456 0.180470 0.048663
6 0.719153 0.836337 0.064312 0.066921
6 0.316548 0.557745 0.047911 0.132597
13 0.715214 0.376477 0.019690 0.059611
