13 0.776573 0.688523 0.022961 0.051104
13 0.533108 0.349114 0.013784 0.041369
13 0.719480 0.372224 0.024279 0.055956
13 0.643683 0.604580 0.024933 0.058398
4 0.809715 0.815653 0.030185 0.025552
4 0.592173 0.349114 0.012466 0.053530
4 0.548855 0.237185 0.032156 0.031633
4 0.543280 0.593631 0.031493 0.029191
4 0.381187 0.738406 0.027559 0.026765
4 0.644341 0.810179 0.031502 0.024339
4 0.777232 0.771252 0.033473 0.014603
4 0.775591 0.571128 0.027559 0.025552
4 0.775264 0.599712 0.026904 0.026765
4 0.749669 0.572955 0.024287 0.021897
4 0.696514 0.573561 0.025596 0.027994
4 0.670919 0.575381 0.028213 0.031633
4 0.641716 0.402636 0.028867 0.024339
4 0.693234 0.386213 0.026904 0.027978
4 0.753935 0.393515 0.013121 0.047434
4 0.640730 0.450692 0.029530 0.027978
13 0.645654 0.730490 0.024933 0.049876
13 0.778544 0.644736 0.032156 0.017030
13 0.776577 0.731711 0.029530 0.020684
13 0.191862 0.707994 0.025587 0.055956
13 0.723746 0.574168 0.027559 0.024323
9 0.837601 0.530980 0.029530 0.096112
6 0.867135 0.706781 0.139773 0.187372
14 0.246003 0.567597 0.062995 0.170311
7 0.770340 0.833896 0.018381 0.081509
7 0.575763 0.347286 0.019027 0.083935
6 0.832680 0.248134 0.127307 0.138694
1 0.646636 0.651423 0.034782 0.030404
1 0.231565 0.704953 0.036753 0.037714
6 0.726699 0.836337 0.067592 0.074199
6 0.326393 0.564432 0.050537 0.131384
6 0.560344 0.158725 0.182433 0.054743
6 0.361502 0.162978 0.190302 0.053515
6 0.164304 0.170886 0.192282 0.049891
6 0.054711 0.600933 0.062341 0.746967
6 0.213519 0.928795 0.184404 0.052302
6 0.418595 0.922714 0.186367 0.047449
6 0.627605 0.904463 0.226401 0.052317
0 0.690935 0.164806 0.066938 0.079067
1 0.645982 0.775505 0.034782 0.030420
1 0.646963 0.687916 0.047248 0.030420
4 0.658469 0.264596 0.061032 0.122877
4 0.718846 0.270070 0.055780 0.114355
5 0.721779 0.524285 0.098440 0.070560
5 0.553121 0.348499 0.023624 0.066921
0 0.801510 0.518818 0.040034 0.064479
0 0.802496 0.392908 0.086619 0.119222
0 0.710621 0.652022 0.060369 0.097325
0 0.642043 0.512737 0.038716 0.079067
0 0.723746 0.452512 0.066938 0.058398
0 0.450092 0.569300 0.165369 0.291975
