4 0.265386 0.787714 0.063658 0.122862
4 0.247974 0.462854 0.015747 0.015816
4 0.303423 0.467722 0.017718 0.015816
4 0.330990 0.467722 0.017718 0.025552
4 0.359203 0.235972 0.019027 0.014588
4 0.461250 0.465902 0.018372 0.026765
4 0.624325 0.336944 0.021653 0.029191
5 0.442873 0.704339 0.019690 0.060840
4 0.354610 0.593631 0.020344 0.019456
4 0.238784 0.652030 0.010503 0.036501
4 0.299157 0.662372 0.020998 0.025552
4 0.357563 0.645941 0.020998 0.021897
4 0.443863 0.825389 0.020344 0.030404
4 0.223691 0.264557 0.017064 0.020684
4 0.219757 0.439129 0.018372 0.019471
4 0.220084 0.462854 0.017718 0.018243
5 0.274220 0.517605 0.098440 0.074215
4 0.328712 0.787714 0.061686 0.118009
13 0.270944 0.670886 0.020998 0.052317
13 0.357890 0.443390 0.021653 0.064479
13 0.463544 0.711633 0.013784 0.043795
6 0.146581 0.791330 0.130596 0.156936
6 0.623339 0.911757 0.182433 0.066905
6 0.425155 0.895334 0.186367 0.055956
6 0.814966 0.916625 0.181124 0.057170
6 0.124929 0.316260 0.143716 0.209253
6 0.279144 0.201913 0.063658 0.075428
13 0.223691 0.303484 0.026242 0.023110
13 0.222051 0.348499 0.022961 0.057185
13 0.222378 0.390467 0.020998 0.021897
6 0.674232 0.509082 0.044035 0.122862
9 0.153146 0.506042 0.033473 0.094883
13 0.360189 0.317481 0.019690 0.046221
4 0.401531 0.706166 0.015747 0.047449
6 0.379878 0.145949 0.230998 0.063250
6 0.590860 0.148383 0.177844 0.055956
6 0.782810 0.163585 0.170621 0.069347
6 0.926527 0.509090 0.047248 0.723841
0 0.183003 0.646555 0.094497 0.120451
1 0.767420 0.382566 0.032223 0.030420
1 0.361170 0.274899 0.032156 0.031633
1 0.361502 0.394121 0.035436 0.026750
13 0.804169 0.388647 0.023037 0.057170
0 0.290956 0.388647 0.050537 0.086376
0 0.194157 0.520039 0.038062 0.059611
0 0.353951 0.536462 0.034782 0.060824
0 0.271267 0.590599 0.064966 0.059611
1 0.361829 0.357628 0.034782 0.036501
13 0.273565 0.465894 0.021007 0.024323
0 0.550172 0.505435 0.148968 0.298056
0 0.293251 0.891081 0.060378 0.059611
14 0.749010 0.517115 0.058406 0.161788
7 0.419249 0.706773 0.019690 0.085148
7 0.231565 0.203733 0.020998 0.083950
