7 0.197781 0.290715 0.024253 0.085163
4 0.293909 0.523072 0.027567 0.026765
4 0.196128 0.347893 0.030193 0.024339
4 0.238456 0.540715 0.028221 0.020684
4 0.210239 0.545583 0.028213 0.030420
4 0.211221 0.522465 0.031502 0.030404
4 0.251250 0.723802 0.023624 0.048663
4 0.313922 0.714681 0.030847 0.023110
4 0.470768 0.822955 0.033465 0.018258
4 0.365436 0.675747 0.028876 0.025552
4 0.359207 0.625871 0.026904 0.030404
4 0.321799 0.511516 0.028213 0.023126
4 0.450424 0.460428 0.028213 0.025552
4 0.596107 0.279160 0.028221 0.032846
14 0.737508 0.412900 0.057919 0.158149
6 0.103859 0.437675 0.158859 0.189285
7 0.434341 0.717107 0.026250 0.086376
0 0.330659 0.938530 0.068247 0.059611
0 0.273674 0.444946 0.059899 0.096112
0 0.543771 0.467170 0.157794 0.294401
0 0.278817 0.656291 0.063003 0.071773
0 0.198100 0.737185 0.095814 0.107061
6 0.733138 0.051967 0.180470 0.062411
0 0.193830 0.605187 0.038716 0.059611
6 0.243381 0.268212 0.076124 0.088802
6 0.540361 0.110140 0.181124 0.064977
6 0.660713 0.436711 0.054815 0.130156
0 0.357236 0.563834 0.043968 0.062037
1 0.741481 0.279767 0.034153 0.034059
1 0.342890 0.432527 0.036099 0.027978
1 0.339899 0.395956 0.034178 0.031633
5 0.271267 0.579642 0.105654 0.091229
1 0.331640 0.307753 0.037408 0.026765
6 0.914522 0.345412 0.063507 0.687341
6 0.847865 0.785303 0.172592 0.068771
4 0.329673 0.274292 0.033473 0.027994
4 0.292290 0.845498 0.058406 0.121664
4 0.354648 0.826664 0.063691 0.115537
6 0.657504 0.845148 0.183096 0.059720
6 0.463729 0.899946 0.179807 0.059860
6 0.173003 0.889533 0.128372 0.157481
5 0.456003 0.706159 0.020948 0.060840
13 0.477987 0.706773 0.016409 0.041353
13 0.345029 0.479526 0.024941 0.051089
4 0.417609 0.723204 0.016409 0.054743
4 0.157412 0.312006 0.027559 0.025537
9 0.150218 0.607815 0.034027 0.097309
13 0.284870 0.734308 0.024924 0.050047
13 0.778876 0.269425 0.023792 0.054743
6 0.336518 0.172900 0.223121 0.063748
13 0.267659 0.530365 0.026242 0.024339
13 0.333939 0.353974 0.027559 0.048663
13 0.205973 0.476843 0.028876 0.019471
13 0.203096 0.433639 0.025520 0.054743
13 0.199740 0.386213 0.030839 0.020669
