6 0.447139 0.824168 0.183087 0.052317
6 0.243704 0.828429 0.185713 0.055956
7 0.605625 0.262123 0.020998 0.083935
6 0.398251 0.065653 0.183750 0.060824
14 0.276191 0.467232 0.060369 0.161804
9 0.864182 0.453733 0.028867 0.099751
6 0.750323 0.753002 0.066284 0.077854
6 0.653532 0.812006 0.228372 0.057170
6 0.860902 0.172100 0.127307 0.144759
6 0.594467 0.074774 0.181116 0.054743
7 0.794950 0.752387 0.019027 0.081509
6 0.356581 0.469549 0.045277 0.126532
6 0.087194 0.490226 0.049874 0.734790
4 0.623012 0.262729 0.012466 0.048663
6 0.200394 0.069308 0.188339 0.058398
4 0.833670 0.734145 0.026904 0.023126
13 0.802496 0.610669 0.019690 0.051104
13 0.752324 0.495093 0.023037 0.026765
13 0.221065 0.602154 0.027567 0.058398
13 0.563620 0.264557 0.014438 0.045008
13 0.747735 0.293149 0.024346 0.055972
13 0.670587 0.520039 0.023624 0.049876
13 0.669933 0.641687 0.022315 0.052302
13 0.800524 0.651415 0.031502 0.023110
13 0.802496 0.567481 0.026250 0.018258
4 0.409077 0.641073 0.028221 0.021897
4 0.570189 0.509689 0.031502 0.031633
4 0.580357 0.148383 0.032156 0.031633
4 0.669606 0.316866 0.024279 0.027978
4 0.669933 0.372224 0.028876 0.029207
4 0.720134 0.303484 0.029530 0.023110
4 0.782479 0.314432 0.015092 0.054743
6 0.893054 0.628274 0.140436 0.186065
4 0.668624 0.720762 0.028876 0.018258
5 0.583314 0.262123 0.023624 0.062037
0 0.721451 0.088165 0.059715 0.074215
0 0.736871 0.574782 0.059060 0.100980
0 0.824480 0.438523 0.038725 0.062053
0 0.830713 0.313826 0.080067 0.116796
0 0.748029 0.369184 0.057752 0.059611
0 0.672890 0.430614 0.038716 0.070560
0 0.477659 0.475630 0.158809 0.284666
4 0.698154 0.488406 0.030185 0.025552
4 0.726372 0.491439 0.027559 0.026765
4 0.778213 0.492053 0.024933 0.027994
4 0.803482 0.518818 0.028221 0.027994
4 0.801837 0.496314 0.030185 0.024323
4 0.802496 0.688523 0.030193 0.031633
5 0.749010 0.439743 0.100403 0.069347
1 0.260768 0.602154 0.037408 0.026765
1 0.671250 0.684269 0.040688 0.027978
1 0.673213 0.598499 0.041997 0.026765
1 0.670919 0.561392 0.037408 0.040140
4 0.690956 0.185521 0.060369 0.122862
4 0.748377 0.186742 0.058398 0.117994
