7 0.400877 0.538281 0.030193 0.083935
0 0.356581 0.620397 0.055780 0.090031
13 0.464870 0.495093 0.025159 0.026361
13 0.465965 0.525505 0.028440 0.020280
13 0.466514 0.552372 0.026250 0.021291
13 0.470340 0.702411 0.025159 0.025350
13 0.468423 0.669977 0.026795 0.021291
13 0.468423 0.641081 0.027886 0.026361
4 0.467047 0.613709 0.024279 0.018243
15 0.433033 0.543756 0.022307 0.094883
14 0.264048 0.481221 0.045277 0.048663
14 0.269958 0.722100 0.046594 0.053530
13 0.466510 0.581260 0.025151 0.022302
13 0.408268 0.635498 0.013666 0.043593
13 0.393775 0.705956 0.012030 0.044603
13 0.406628 0.703935 0.010386 0.042582
0 0.569530 0.589378 0.171930 0.315086
0 0.434014 0.638033 0.030847 0.049876
0 0.433687 0.700684 0.036753 0.053530
4 0.338205 0.704953 0.012466 0.049876
6 0.479627 0.787675 0.426552 0.059611
6 0.261422 0.608227 0.061032 0.131384
6 0.474702 0.386820 0.419337 0.058398
1 0.376267 0.710420 0.012466 0.046221
0 0.340499 0.499961 0.080059 0.116781
0 0.311623 0.613103 0.026250 0.080295
4 0.399891 0.469549 0.021661 0.031633
4 0.431716 0.465288 0.026250 0.025537
4 0.303750 0.711026 0.017064 0.045008
4 0.319832 0.711034 0.012466 0.047449
4 0.354283 0.708600 0.015747 0.042582
