0 0.602013 0.514557 0.171275 0.316299
0 0.460923 0.549844 0.033473 0.055956
0 0.381514 0.527939 0.062341 0.102193
0 0.371346 0.408110 0.080059 0.120451
0 0.340503 0.519425 0.024933 0.085163
7 0.434325 0.449479 0.030227 0.081509
0 0.459610 0.617970 0.036099 0.058398
4 0.434673 0.380739 0.029530 0.036501
4 0.348049 0.616135 0.013784 0.059611
4 0.366422 0.614316 0.015092 0.060824
14 0.298830 0.382683 0.049220 0.060824
14 0.292936 0.618694 0.051812 0.053530
15 0.463544 0.456159 0.021653 0.097325
13 0.433461 0.617263 0.012911 0.047869
4 0.382500 0.613095 0.015755 0.065692
4 0.495701 0.531586 0.025596 0.021897
4 0.468800 0.385000 0.029530 0.040140
4 0.328687 0.615537 0.014438 0.053530
1 0.402844 0.618577 0.018372 0.062037
13 0.495549 0.587698 0.024690 0.022519
13 0.495931 0.618328 0.023926 0.020420
13 0.437638 0.548274 0.012156 0.043639
13 0.419597 0.617613 0.012534 0.047170
13 0.496120 0.439852 0.022022 0.019705
13 0.497643 0.471182 0.025067 0.019005
13 0.496690 0.497932 0.022408 0.019005
6 0.291942 0.503002 0.056435 0.135023
6 0.503909 0.711034 0.416057 0.057185
6 0.508503 0.312613 0.413431 0.063266
13 0.497831 0.412395 0.024690 0.025350
13 0.495738 0.559191 0.022785 0.019005
