6 0.539669 0.605801 0.418029 0.058383
15 0.584295 0.450202 0.024279 0.093686
14 0.747731 0.529277 0.050596 0.057185
14 0.751309 0.298134 0.047248 0.054743
1 0.645323 0.298616 0.020344 0.064479
0 0.676497 0.515770 0.078750 0.131384
0 0.708649 0.401423 0.023624 0.092457
0 0.666321 0.391687 0.055780 0.107045
0 0.588557 0.359448 0.035436 0.062037
0 0.590529 0.293149 0.035436 0.060824
0 0.444513 0.404463 0.164715 0.324821
6 0.542659 0.209813 0.416124 0.064479
6 0.754262 0.411151 0.057097 0.128958
4 0.717513 0.301656 0.020344 0.070560
4 0.615466 0.527939 0.034119 0.036501
4 0.581997 0.526726 0.034128 0.038927
4 0.553779 0.381345 0.034119 0.030404
4 0.679123 0.298624 0.015747 0.066921
4 0.664027 0.298009 0.015755 0.063266
7 0.618091 0.464681 0.027559 0.080280
4 0.697169 0.301664 0.020344 0.065692
13 0.553914 0.352659 0.021888 0.020529
13 0.554971 0.295459 0.022945 0.020529
13 0.553523 0.501532 0.021628 0.018087
13 0.613255 0.365124 0.010285 0.044495
13 0.616154 0.298639 0.009757 0.044495
13 0.629211 0.298390 0.010017 0.037154
13 0.552995 0.473173 0.019513 0.017107
13 0.554576 0.443841 0.022156 0.019067
13 0.554312 0.416703 0.022148 0.019565
13 0.554442 0.325770 0.022945 0.017605
