13 0.495512 0.634642 0.021107 0.018180
4 0.346481 0.775241 0.018347 0.052317
13 0.461384 0.470871 0.017718 0.024635
13 0.430927 0.715101 0.011837 0.034619
13 0.444056 0.704308 0.011955 0.037543
1 0.416749 0.729969 0.016653 0.045008
4 0.362160 0.760303 0.019690 0.046236
4 0.379547 0.745093 0.021661 0.049876
4 0.394312 0.736579 0.017064 0.047434
0 0.576305 0.489331 0.180948 0.310482
13 0.489845 0.607737 0.020663 0.018180
6 0.449262 0.364292 0.420688 0.059471
6 0.287118 0.700233 0.056586 0.139907
6 0.528440 0.733149 0.418742 0.064121
13 0.476103 0.549487 0.019941 0.017605
13 0.472479 0.526314 0.020428 0.019969
13 0.466292 0.497854 0.019933 0.019938
0 0.380529 0.655070 0.064312 0.103421
0 0.336489 0.677061 0.025310 0.087589
4 0.396611 0.487185 0.019027 0.040156
4 0.426326 0.466734 0.024279 0.034215
4 0.483700 0.579837 0.016661 0.038927
0 0.342974 0.550607 0.081216 0.135023
13 0.501527 0.660995 0.019782 0.016423
0 0.458213 0.624557 0.037315 0.052317
7 0.409841 0.552535 0.028138 0.082955
15 0.440378 0.534821 0.026174 0.085163
14 0.267341 0.584502 0.044564 0.050187
14 0.315541 0.804222 0.044622 0.040575
13 0.433062 0.640078 0.012131 0.041555
0 0.468565 0.681866 0.038591 0.055956
