0 0.634992 0.439922 0.054597 0.103577
6 0.574694 0.316866 0.074706 0.098802
6 0.802089 0.426695 0.418121 0.054635
6 0.668372 0.714712 0.417164 0.059471
0 0.672831 0.331765 0.067861 0.129720
4 0.591099 0.489106 0.018641 0.048663
4 0.605193 0.510124 0.018003 0.045008
4 0.717613 0.569790 0.028213 0.035568
4 0.747324 0.435972 0.020252 0.063266
4 0.723951 0.393810 0.023003 0.057170
0 0.605440 0.386991 0.039371 0.049098
1 0.619144 0.532022 0.017181 0.053530
15 0.721191 0.481649 0.019765 0.090544
0 0.806695 0.682006 0.172248 0.327154
0 0.685109 0.550179 0.029597 0.060886
0 0.662152 0.599082 0.034656 0.057729
4 0.564937 0.444005 0.019690 0.048663
4 0.578574 0.467488 0.014950 0.041353
7 0.699643 0.444277 0.026904 0.081928
13 0.728809 0.551485 0.010151 0.039425
13 0.667588 0.519059 0.024354 0.025334
13 0.642697 0.567512 0.013716 0.041493
13 0.630126 0.550723 0.023960 0.025894
13 0.687286 0.638072 0.024304 0.026532
13 0.697081 0.618173 0.013674 0.043686
13 0.707479 0.598966 0.013180 0.041415
13 0.738939 0.530358 0.021267 0.023515
13 0.749463 0.507722 0.012282 0.039425
13 0.760193 0.488453 0.013456 0.038025
14 0.535596 0.405653 0.032332 0.088351
14 0.624522 0.235241 0.030268 0.084697
