4 0.422009 0.465101 0.027559 0.034899
0 0.505663 0.641975 0.035436 0.069798
0 0.377131 0.722963 0.045940 0.050684
6 0.342164 0.765894 0.056174 0.148429
6 0.419849 0.360972 0.413289 0.049471
15 0.448951 0.519984 0.051846 0.059533
14 0.295944 0.676423 0.042894 0.052473
14 0.384274 0.844075 0.045277 0.054152
6 0.565147 0.646493 0.409203 0.058802
4 0.395952 0.503608 0.024941 0.026003
13 0.474337 0.486928 0.012131 0.035910
13 0.464107 0.468935 0.012156 0.035910
7 0.421263 0.557084 0.031502 0.077496
13 0.483217 0.669487 0.013297 0.042240
13 0.459773 0.624891 0.013037 0.045770
13 0.452261 0.448904 0.012643 0.037309
0 0.477932 0.589238 0.034706 0.049549
13 0.473826 0.687551 0.021644 0.026361
13 0.527907 0.596011 0.022022 0.022535
13 0.518410 0.573165 0.020260 0.019176
13 0.507206 0.555879 0.020889 0.019720
13 0.484044 0.509767 0.021644 0.023235
4 0.497802 0.534938 0.024933 0.033515
4 0.446795 0.734012 0.020436 0.052317
0 0.411376 0.671493 0.065621 0.111913
4 0.409199 0.795700 0.019706 0.051089
1 0.462118 0.711439 0.018062 0.048663
4 0.421221 0.773040 0.015193 0.053515
4 0.435302 0.754572 0.017332 0.047434
0 0.356971 0.601089 0.069832 0.141120
0 0.560394 0.388437 0.174295 0.320016
