13 0.249484 0.618546 0.010411 0.034914
0 0.331313 0.586944 0.031502 0.057185
13 0.276967 0.585669 0.020042 0.022753
13 0.262727 0.604285 0.019782 0.023499
7 0.306628 0.692379 0.046728 0.051633
13 0.349736 0.623608 0.022676 0.019067
13 0.380285 0.584355 0.020151 0.018009
0 0.369555 0.710723 0.058960 0.115568
0 0.324748 0.810179 0.076124 0.143561
0 0.222995 0.413717 0.171426 0.336392
13 0.316959 0.530731 0.018834 0.016454
13 0.330042 0.512589 0.017148 0.022846
13 0.342458 0.492753 0.020570 0.022675
13 0.288368 0.568421 0.011720 0.032768
13 0.389505 0.603608 0.021091 0.017605
15 0.291850 0.638157 0.050529 0.049844
6 0.419065 0.858126 0.072055 0.097030
6 0.195549 0.661757 0.037122 0.772100
6 0.377307 0.428406 0.423356 0.055692
0 0.395466 0.778219 0.043314 0.048911
4 0.420403 0.679852 0.028221 0.033390
4 0.410982 0.658212 0.027567 0.030140
4 0.302970 0.549168 0.020570 0.058398
1 0.400931 0.626034 0.030185 0.029736
4 0.276007 0.724642 0.028876 0.035692
4 0.255386 0.681011 0.021426 0.057170
4 0.444513 0.732838 0.029530 0.033204
4 0.431741 0.704588 0.026904 0.028429
0 0.364128 0.546796 0.035436 0.064479
14 0.358985 0.924448 0.029614 0.082457
14 0.468599 0.782924 0.028070 0.074059
