0 0.857978 0.572947 0.029597 0.060824
15 0.808402 0.560910 0.049874 0.047449
14 0.764794 0.850451 0.029589 0.088802
14 0.888133 0.863826 0.028213 0.088802
0 0.841871 0.704946 0.059060 0.096112
0 0.835638 0.779152 0.046594 0.049876
1 0.889773 0.671493 0.030185 0.034059
0 0.773293 0.718336 0.064975 0.139907
6 0.726367 0.478064 0.023624 0.734790
6 0.935701 0.501812 0.022223 0.744526
6 0.828125 0.868577 0.068314 0.094883
0 0.890759 0.575995 0.029539 0.062037
4 0.845151 0.506656 0.011812 0.052317
4 0.768045 0.551050 0.017718 0.048663
4 0.766074 0.608235 0.017718 0.055972
4 0.887152 0.707379 0.031502 0.027978
4 0.885835 0.735365 0.032810 0.030420
4 0.887152 0.766384 0.032810 0.031617
4 0.885508 0.799837 0.030847 0.037714
7 0.803511 0.615537 0.045344 0.053530
0 0.837932 0.319121 0.164052 0.312302
13 0.783112 0.498445 0.012030 0.038725
13 0.799094 0.501967 0.009178 0.039891
13 0.815554 0.502551 0.009178 0.037543
13 0.829790 0.504891 0.009178 0.036376
13 0.863658 0.508118 0.011074 0.039316
13 0.876628 0.509588 0.011711 0.037558
13 0.891820 0.509596 0.011711 0.034028
13 0.890554 0.620179 0.019933 0.015848
13 0.891506 0.643351 0.019941 0.012893
13 0.854954 0.614603 0.018985 0.015241
