4 0.665671 0.605194 0.012466 0.032846
6 0.463905 0.661983 0.414706 0.066299
4 0.690935 0.648981 0.014438 0.037714
4 0.704090 0.669666 0.015680 0.040140
4 0.677810 0.625264 0.013121 0.036501
6 0.689031 0.804596 0.077122 0.104495
6 0.609044 0.385365 0.418255 0.055863
4 0.542282 0.709222 0.028221 0.025941
4 0.517169 0.664409 0.027559 0.036998
4 0.550252 0.521921 0.022315 0.032675
0 0.471372 0.409355 0.183733 0.316563
1 0.654899 0.576081 0.028876 0.033437
0 0.588356 0.557100 0.033826 0.063250
0 0.611204 0.510910 0.032156 0.065708
0 0.595038 0.770078 0.066569 0.128958
0 0.632999 0.665404 0.058834 0.109502
15 0.550654 0.614300 0.025252 0.091586
0 0.660671 0.725793 0.024883 0.074199
13 0.629933 0.539471 0.012466 0.039253
13 0.640772 0.557395 0.012466 0.042473
13 0.605210 0.586742 0.011879 0.037123
13 0.508108 0.609121 0.013331 0.046610
13 0.518679 0.590964 0.012139 0.036361
13 0.531107 0.568647 0.012148 0.037107
13 0.541711 0.550404 0.013054 0.035210
13 0.587458 0.463585 0.013607 0.043530
13 0.576552 0.483507 0.012215 0.037092
13 0.565663 0.505140 0.010755 0.033048
7 0.568637 0.663289 0.045529 0.055288
14 0.638108 0.876602 0.032156 0.085148
14 0.731514 0.710886 0.029908 0.082737
