13 0.211976 0.843748 0.011015 0.038725
4 0.275537 0.754215 0.030185 0.034059
4 0.106552 0.855194 0.015101 0.053530
4 0.124929 0.853974 0.013784 0.060824
4 0.144287 0.855793 0.017064 0.059611
15 0.241741 0.682442 0.020344 0.097325
14 0.074400 0.620521 0.055780 0.062037
14 0.070461 0.855311 0.053154 0.057185
4 0.160038 0.847286 0.014438 0.062037
13 0.274451 0.691330 0.020512 0.021135
13 0.274451 0.719844 0.024304 0.019005
13 0.275021 0.782885 0.022408 0.015568
13 0.275969 0.813476 0.022794 0.017589
13 0.275021 0.840933 0.022408 0.023235
13 0.273880 0.633600 0.023163 0.022535
13 0.274639 0.661757 0.023171 0.019720
13 0.198662 0.847621 0.014102 0.046470
13 0.214635 0.775109 0.013297 0.045054
4 0.211221 0.603367 0.031502 0.029191
4 0.245675 0.607628 0.030847 0.027978
6 0.065864 0.744977 0.064312 0.128958
6 0.293909 0.935451 0.429178 0.051026
6 0.286355 0.526089 0.423263 0.047512
0 0.158725 0.759697 0.065621 0.100980
7 0.207626 0.677574 0.029513 0.073002
0 0.381187 0.732932 0.179807 0.312644
0 0.148226 0.639868 0.080059 0.126516
0 0.116065 0.751174 0.028876 0.083935
0 0.239442 0.844238 0.036753 0.058398
0 0.239438 0.776112 0.035436 0.055956
1 0.179912 0.848499 0.021384 0.062037
