0 0.232550 0.617970 0.029530 0.060824
15 0.144287 0.614922 0.053809 0.040140
7 0.141334 0.675140 0.050537 0.051089
14 0.235831 0.917963 0.024279 0.085163
14 0.103599 0.923437 0.028876 0.086376
0 0.194492 0.613709 0.032156 0.049876
0 0.113117 0.784627 0.067592 0.145988
0 0.177429 0.839984 0.043968 0.032846
0 0.184643 0.764565 0.059723 0.093670
0 0.172831 0.367356 0.173901 0.316299
1 0.234190 0.725630 0.028867 0.032846
4 0.099660 0.667240 0.015747 0.049876
4 0.232550 0.755435 0.028221 0.024339
13 0.195759 0.662955 0.022408 0.022519
13 0.233930 0.694642 0.023549 0.018305
13 0.235067 0.667185 0.026577 0.021120
13 0.233360 0.554533 0.011015 0.039425
13 0.217601 0.554891 0.013674 0.042939
13 0.202219 0.556649 0.013297 0.043655
13 0.167089 0.553834 0.013674 0.043655
13 0.150570 0.556649 0.013289 0.043655
6 0.057991 0.540715 0.021653 0.772504
6 0.169878 0.929401 0.072190 0.092457
4 0.182345 0.555925 0.014438 0.046221
4 0.231242 0.858841 0.029530 0.026765
4 0.232878 0.822348 0.030185 0.031633
4 0.231565 0.784627 0.034119 0.026765
13 0.118482 0.557714 0.013674 0.044355
13 0.134618 0.558764 0.014807 0.046454
4 0.099006 0.608841 0.018381 0.042566
6 0.283079 0.564432 0.024279 0.815086
