15 0.732404 0.639891 0.050713 0.046221
14 0.887886 0.819611 0.028322 0.078134
14 0.777949 0.929844 0.028968 0.083017
4 0.869434 0.768818 0.014438 0.036485
0 0.807450 0.560793 0.034849 0.053530
0 0.803809 0.723196 0.063003 0.100980
0 0.817588 0.800451 0.040680 0.053530
4 0.711279 0.715295 0.020998 0.048663
4 0.695856 0.663585 0.021661 0.049876
4 0.862542 0.739005 0.019027 0.032846
4 0.844165 0.680614 0.021653 0.027978
4 0.750654 0.549837 0.018372 0.048663
4 0.853356 0.708600 0.024279 0.030420
0 0.754958 0.807201 0.072869 0.144759
0 0.687869 0.394495 0.170772 0.324261
6 0.639648 0.634627 0.028121 0.752551
6 0.826103 0.454876 0.027173 0.758025
6 0.836984 0.875358 0.068163 0.095630
13 0.828486 0.627589 0.022676 0.016423
13 0.821258 0.606890 0.020570 0.017605
13 0.787764 0.634759 0.021099 0.020529
13 0.696162 0.604697 0.010797 0.029456
13 0.708880 0.591019 0.011166 0.030373
13 0.723146 0.579495 0.009782 0.028849
13 0.735914 0.566827 0.011158 0.031384
13 0.765982 0.537092 0.011930 0.036174
13 0.777991 0.522753 0.010898 0.035956
13 0.791917 0.509261 0.011837 0.040575
1 0.835604 0.652387 0.025436 0.027760
0 0.776552 0.594876 0.035436 0.055692
7 0.745319 0.690078 0.048658 0.051882
