13 0.709702 0.186337 0.010629 0.040140
13 0.696221 0.187387 0.011015 0.042240
13 0.695084 0.253569 0.012534 0.039425
13 0.637546 0.390505 0.020512 0.014790
7 0.701762 0.349114 0.030839 0.085163
13 0.638498 0.361283 0.020889 0.018305
0 0.534421 0.298017 0.172584 0.311431
0 0.670260 0.190956 0.034782 0.055972
0 0.671246 0.253608 0.032810 0.057170
0 0.746061 0.275505 0.061686 0.098538
0 0.790025 0.284028 0.022315 0.088802
0 0.760495 0.397776 0.080067 0.128958
1 0.726044 0.187924 0.020344 0.059611
4 0.743435 0.187916 0.013129 0.057170
4 0.760826 0.187309 0.013784 0.055956
4 0.777886 0.187916 0.013775 0.064479
4 0.794291 0.186096 0.015092 0.053530
4 0.664354 0.414199 0.028221 0.032846
4 0.699794 0.414806 0.028213 0.031633
4 0.638435 0.272465 0.028867 0.029191
6 0.621699 0.102146 0.412777 0.043795
6 0.626292 0.496306 0.416711 0.036501
6 0.835633 0.298017 0.055780 0.133826
15 0.668624 0.344246 0.022315 0.099751
14 0.829073 0.177092 0.045277 0.053530
14 0.829765 0.408235 0.047970 0.060824
13 0.635076 0.187037 0.023926 0.021820
13 0.635646 0.215902 0.022030 0.020420
13 0.636028 0.244417 0.022022 0.019720
13 0.637739 0.306726 0.023163 0.020420
13 0.638305 0.334883 0.019748 0.017605
