13 0.503905 0.557138 0.024941 0.021897
13 0.503578 0.529767 0.021653 0.018258
15 0.473062 0.435482 0.022315 0.102193
13 0.502592 0.468328 0.023624 0.024339
13 0.503251 0.440956 0.027559 0.018243
13 0.502592 0.412978 0.027567 0.023126
13 0.502592 0.385607 0.024933 0.024339
13 0.443863 0.591812 0.015092 0.047449
13 0.429753 0.595459 0.013129 0.052317
7 0.440252 0.425754 0.028876 0.073002
14 0.305067 0.601058 0.045940 0.062053
14 0.307362 0.368087 0.049220 0.060840
13 0.446154 0.523678 0.014438 0.047449
13 0.503905 0.585723 0.020998 0.020684
0 0.608905 0.482317 0.177190 0.302924
4 0.474702 0.358841 0.024287 0.024339
4 0.503578 0.499961 0.025596 0.026765
6 0.300801 0.488406 0.062341 0.132613
6 0.519002 0.680614 0.417366 0.037714
0 0.391690 0.504215 0.055126 0.096112
0 0.379874 0.384992 0.074815 0.118009
0 0.467810 0.523072 0.030185 0.058398
4 0.341485 0.593033 0.011158 0.042582
4 0.357894 0.591812 0.012466 0.049876
6 0.511779 0.284627 0.410805 0.048663
0 0.470440 0.593025 0.031502 0.057185
4 0.376921 0.595459 0.012466 0.047434
4 0.395625 0.588771 0.013129 0.043795
1 0.415310 0.594238 0.017064 0.059611
4 0.440910 0.356415 0.026250 0.026765
0 0.349358 0.497527 0.026904 0.082737
