13 0.525742 0.395855 0.022794 0.019705
13 0.466120 0.394448 0.012156 0.043639
13 0.451875 0.395505 0.014052 0.045754
13 0.468586 0.328266 0.013297 0.039425
7 0.465185 0.234145 0.030185 0.083935
4 0.401531 0.395949 0.015747 0.059611
4 0.417282 0.396555 0.017064 0.055972
4 0.382827 0.394121 0.017718 0.060840
4 0.498985 0.167232 0.029530 0.032846
4 0.366422 0.396555 0.020344 0.060824
4 0.528188 0.310785 0.035436 0.030404
13 0.527450 0.196967 0.021644 0.017605
13 0.526124 0.223725 0.022030 0.020420
13 0.527643 0.253647 0.022785 0.018305
13 0.526124 0.279339 0.022030 0.017589
13 0.525935 0.340941 0.022408 0.018305
13 0.527454 0.368748 0.022408 0.017589
4 0.465843 0.165412 0.032810 0.034059
0 0.415642 0.306532 0.055780 0.094899
0 0.373314 0.299844 0.026242 0.076641
0 0.490780 0.327216 0.030185 0.055956
0 0.491435 0.399596 0.030185 0.052317
6 0.535076 0.485972 0.410151 0.057170
1 0.436313 0.396555 0.017055 0.055972
6 0.326393 0.285233 0.057097 0.125303
14 0.331971 0.164922 0.052500 0.058398
14 0.327706 0.394852 0.051837 0.053530
15 0.495373 0.237916 0.022307 0.097325
6 0.537936 0.096734 0.410805 0.049767
0 0.629572 0.298017 0.169966 0.309005
0 0.404811 0.189137 0.078750 0.115568
