0 0.184971 0.352760 0.179807 0.311431
0 0.216472 0.601540 0.028867 0.054743
0 0.253221 0.600319 0.032819 0.059611
0 0.201707 0.825389 0.058398 0.049876
6 0.078679 0.523966 0.028834 0.763981
0 0.204660 0.747535 0.059069 0.103406
0 0.133788 0.771244 0.068247 0.141120
7 0.160365 0.658717 0.050529 0.052302
13 0.215776 0.644798 0.026586 0.022535
1 0.255189 0.703118 0.031502 0.026765
13 0.252613 0.644090 0.025059 0.021120
13 0.254132 0.670490 0.025059 0.020420
13 0.251665 0.535319 0.014052 0.042955
13 0.235902 0.536376 0.012911 0.042240
6 0.299161 0.511742 0.026174 0.757916
6 0.193175 0.912364 0.078096 0.097325
13 0.219006 0.537434 0.014052 0.044355
13 0.184635 0.539541 0.013666 0.041540
13 0.167353 0.538134 0.014807 0.044355
13 0.152735 0.539899 0.013674 0.043655
4 0.201380 0.539495 0.014438 0.047449
13 0.136971 0.542006 0.012534 0.038009
14 0.258142 0.899720 0.030847 0.087589
14 0.125583 0.907014 0.028213 0.094899
15 0.165285 0.599114 0.056443 0.042582
4 0.120004 0.599106 0.019690 0.059611
4 0.120659 0.658110 0.020998 0.060824
4 0.255193 0.831470 0.034128 0.027978
4 0.255189 0.801664 0.038062 0.029207
4 0.255847 0.766991 0.030185 0.023126
4 0.253876 0.735972 0.028876 0.024323
