1 0.472081 0.560179 0.028221 0.047449
4 0.505776 0.449907 0.076552 0.163017
4 0.399786 0.585093 0.076888 0.165459
0 0.305138 0.391407 0.221804 0.330093
0 0.444958 0.405327 0.069010 0.185459
7 0.321854 0.685070 0.033054 0.107061
7 0.290319 0.654129 0.030000 0.101229
7 0.258968 0.627457 0.028876 0.099673
7 0.231560 0.594285 0.032466 0.090715
7 0.453905 0.220459 0.036099 0.103561
7 0.422676 0.192379 0.030839 0.111135
7 0.394841 0.159191 0.028876 0.106967
7 0.366120 0.131664 0.031049 0.108274
13 0.456460 0.597768 0.019027 0.060824
6 0.386267 0.760964 0.099094 0.148865
6 0.501539 0.709417 0.076686 0.254510
6 0.443205 0.693997 0.024279 0.088802
6 0.542160 0.575451 0.049220 0.035910
6 0.595453 0.395747 0.047248 0.048103
6 0.577873 0.495684 0.033599 0.167885
6 0.529551 0.287488 0.095814 0.140109
