7 0.353427 0.814316 0.055780 0.060824
7 0.054513 0.704222 0.063003 0.057185
7 0.054509 0.767473 0.061686 0.059611
7 0.055168 0.831345 0.057752 0.060824
0 0.153146 0.570521 0.112215 0.116781
0 0.194488 0.791928 0.229027 0.316299
6 0.294891 0.434876 0.047903 0.049876
6 0.188582 0.330863 0.026913 0.085148
6 0.131162 0.305918 0.091871 0.047449
6 0.072097 0.324168 0.028876 0.088802
6 0.048150 0.493274 0.079404 0.181260
6 0.276518 0.329036 0.143725 0.132597
6 0.359534 0.487792 0.080059 0.182488
4 0.149539 0.449471 0.106309 0.127745
4 0.271925 0.547411 0.112223 0.133826
13 0.241212 0.458476 0.033465 0.040156
7 0.353100 0.630622 0.056435 0.063266
7 0.353758 0.695093 0.056443 0.055972
7 0.355067 0.757753 0.059060 0.059611
7 0.053855 0.637309 0.060378 0.052317
1 0.216472 0.447644 0.018381 0.060824
