7 0.790814 0.165902 0.030185 0.102193
4 0.687651 0.318087 0.077433 0.166656
6 0.571959 0.465778 0.047911 0.037714
6 0.564740 0.570404 0.034782 0.164230
6 0.578192 0.671376 0.044622 0.037714
7 0.775721 0.687792 0.034128 0.099751
7 0.741594 0.691439 0.034128 0.114355
7 0.823951 0.165288 0.034782 0.105848
4 0.637122 0.534020 0.073507 0.167885
0 0.820214 0.420280 0.181116 0.405101
0 0.702747 0.518818 0.074807 0.195863
6 0.647429 0.156773 0.096468 0.127729
6 0.566380 0.309448 0.069555 0.253048
6 0.668100 0.701788 0.095814 0.130171
6 0.627739 0.272955 0.026904 0.082737
7 0.758331 0.168328 0.033473 0.104619
1 0.634824 0.410544 0.040034 0.037698
7 0.810172 0.684152 0.036099 0.097325
7 0.844954 0.682932 0.034773 0.102193
7 0.721909 0.167115 0.034119 0.107045
13 0.638238 0.368453 0.019027 0.062037
