6 0.744677 0.535459 0.049874 0.044541
6 0.709853 0.253748 0.100411 0.138227
6 0.771858 0.451330 0.033213 0.160575
6 0.783423 0.341446 0.045285 0.048087
6 0.708591 0.669440 0.077131 0.265599
4 0.700122 0.419059 0.068247 0.159362
4 0.602995 0.575995 0.070872 0.171524
6 0.648607 0.665412 0.022970 0.077854
6 0.601779 0.753134 0.107718 0.131244
0 0.636355 0.386750 0.070914 0.181369
0 0.504904 0.388491 0.209337 0.320560
1 0.671544 0.532325 0.022315 0.032675
13 0.656938 0.560669 0.018372 0.052317
7 0.577773 0.144098 0.030076 0.099176
7 0.604031 0.174557 0.031149 0.105505
7 0.637768 0.199191 0.030772 0.110700
7 0.435185 0.608989 0.031812 0.101742
7 0.468473 0.628367 0.032282 0.117170
7 0.497647 0.654222 0.028213 0.112488
7 0.529895 0.678888 0.031686 0.106392
7 0.541091 0.120653 0.028221 0.100653
