0 0.616535 0.353950 0.229681 0.309300
6 0.874006 0.582107 0.034572 0.090031
6 0.836976 0.657216 0.080814 0.061555
6 0.837668 0.431283 0.078154 0.170871
6 0.671082 0.732271 0.037181 0.052317
6 0.722181 0.800832 0.132567 0.129658
6 0.607236 0.757621 0.077794 0.182582
6 0.785646 0.703904 0.032081 0.086376
13 0.703956 0.651524 0.017928 0.051104
1 0.723247 0.637947 0.022198 0.058383
0 0.729987 0.472994 0.099354 0.122566
7 0.784593 0.306913 0.049874 0.058429
7 0.743591 0.214619 0.047248 0.065257
4 0.653863 0.614339 0.093398 0.126687
7 0.725235 0.162092 0.048557 0.060264
4 0.777886 0.565653 0.078087 0.138678
7 0.560763 0.629705 0.049346 0.059285
7 0.538121 0.585241 0.053154 0.059316
7 0.516061 0.535886 0.047122 0.060358
7 0.495503 0.488896 0.053809 0.054743
7 0.764044 0.264627 0.050570 0.061446
