7 0.657005 0.295016 0.057097 0.059673
7 0.673486 0.249409 0.055780 0.057792
0 0.776791 0.628149 0.113532 0.128523
4 0.677810 0.548281 0.074144 0.138678
4 0.755294 0.736726 0.086628 0.126050
7 0.880545 0.645474 0.052500 0.055988
7 0.894253 0.592387 0.054463 0.056501
7 0.909027 0.539106 0.051846 0.061664
7 0.925717 0.487341 0.052492 0.055210
7 0.624295 0.405334 0.057752 0.060622
7 0.640982 0.350334 0.033389 0.094883
0 0.806435 0.408678 0.210789 0.320373
13 0.676003 0.645272 0.018096 0.045008
6 0.843528 0.777107 0.069505 0.184790
6 0.789832 0.908771 0.024513 0.087776
6 0.732282 0.868740 0.094497 0.045443
6 0.687454 0.806407 0.026904 0.086376
6 0.585524 0.524440 0.072928 0.165832
6 0.631191 0.619456 0.039379 0.049984
6 0.616296 0.730350 0.143062 0.146547
1 0.693721 0.675101 0.015159 0.057170
