6 0.322458 0.671493 0.024279 0.085163
7 0.110948 0.759572 0.034128 0.107045
7 0.188385 0.229152 0.035445 0.102193
7 0.145071 0.758359 0.032810 0.102193
7 0.212664 0.755925 0.032810 0.097325
7 0.178872 0.760793 0.032156 0.097325
6 0.379874 0.644121 0.069564 0.254246
7 0.222513 0.227939 0.031502 0.104619
13 0.312089 0.562488 0.022970 0.053530
6 0.291284 0.786454 0.098440 0.139907
6 0.401862 0.380747 0.022970 0.163017
6 0.387097 0.489619 0.047248 0.042566
6 0.391359 0.274277 0.047903 0.047465
6 0.299815 0.234751 0.099748 0.138678
7 0.153930 0.229767 0.033465 0.093686
7 0.117513 0.228554 0.034119 0.110700
4 0.258800 0.613709 0.084648 0.186143
4 0.322785 0.402636 0.081376 0.177621
0 0.125914 0.492053 0.170621 0.400249
0 0.256174 0.408110 0.072836 0.208040
1 0.321145 0.526120 0.033465 0.037714
