7 0.335508 0.720070 0.061032 0.052706
7 0.636107 0.596431 0.048557 0.069471
7 0.353033 0.770700 0.061032 0.057885
7 0.618846 0.536649 0.049874 0.056407
0 0.404706 0.566820 0.098339 0.124526
0 0.506766 0.702247 0.221586 0.309751
6 0.433901 0.248414 0.137148 0.144168
7 0.392529 0.877621 0.055126 0.055925
7 0.372567 0.826166 0.053154 0.061073
6 0.549006 0.307760 0.098482 0.141431
4 0.498532 0.445124 0.075554 0.153297
4 0.366607 0.463134 0.083482 0.136252
6 0.287810 0.595513 0.081862 0.192862
7 0.604539 0.487675 0.050537 0.054728
7 0.584090 0.435980 0.045931 0.051337
1 0.417605 0.409588 0.019471 0.051089
13 0.441204 0.394829 0.024941 0.034323
6 0.260004 0.433795 0.030025 0.088802
6 0.307701 0.363740 0.086628 0.061540
6 0.362487 0.332076 0.033465 0.090031
6 0.483700 0.330241 0.045940 0.059767
