6 0.103029 0.344580 0.087315 0.126143
6 0.078737 0.541843 0.086418 0.264308
6 0.127177 0.671866 0.043314 0.043328
6 0.201053 0.838694 0.045931 0.059565
6 0.153242 0.760980 0.038750 0.162208
7 0.440055 0.570023 0.037760 0.093670
7 0.409434 0.605925 0.036888 0.099751
7 0.384916 0.644067 0.030856 0.110715
7 0.357013 0.677379 0.035822 0.096096
7 0.256103 0.136493 0.028985 0.092457
7 0.230680 0.180023 0.030252 0.085148
7 0.203708 0.219572 0.031560 0.092457
7 0.176284 0.260117 0.031292 0.098554
6 0.118259 0.462566 0.043968 0.050482
1 0.176443 0.563227 0.036745 0.048663
4 0.185898 0.421594 0.080721 0.156905
0 0.267290 0.578515 0.071309 0.183064
0 0.330747 0.354650 0.215352 0.321524
6 0.287148 0.765902 0.105906 0.147014
13 0.164568 0.520809 0.022475 0.053530
4 0.209912 0.664191 0.078750 0.148414
