6 0.378679 0.767185 0.133213 0.139036
6 0.437546 0.648421 0.030076 0.081509
6 0.485591 0.572146 0.086049 0.073437
6 0.323612 0.711400 0.042659 0.051757
1 0.374060 0.599277 0.029530 0.036439
6 0.461850 0.347994 0.075378 0.204386
6 0.514207 0.486540 0.027039 0.082722
6 0.266862 0.769650 0.096409 0.131773
7 0.346183 0.175708 0.029815 0.102177
7 0.373939 0.218196 0.033985 0.093997
7 0.401195 0.255109 0.036284 0.104619
7 0.208284 0.667309 0.036938 0.094899
7 0.181342 0.629230 0.034111 0.093670
7 0.155642 0.590124 0.031837 0.091260
7 0.128561 0.549308 0.035461 0.102193
0 0.361841 0.437885 0.101720 0.126190
4 0.298830 0.605194 0.097777 0.171540
0 0.226082 0.367737 0.213708 0.301198
4 0.420893 0.507869 0.084656 0.154495
13 0.355071 0.630008 0.020998 0.049876
7 0.320323 0.135194 0.035294 0.099751
