7 0.494195 0.228554 0.063003 0.054743
7 0.495508 0.356291 0.061686 0.059611
7 0.497475 0.417115 0.057752 0.059611
0 0.334597 0.262123 0.212617 0.310218
0 0.396938 0.482924 0.107617 0.119222
4 0.400549 0.605801 0.095159 0.124075
4 0.283083 0.501788 0.097777 0.130171
7 0.496162 0.290591 0.061686 0.057170
6 0.498456 0.558235 0.075470 0.188569
6 0.475164 0.721252 0.026250 0.088818
6 0.360646 0.724292 0.028221 0.082737
6 0.271728 0.729152 0.145688 0.124090
6 0.254664 0.614798 0.052500 0.048663
6 0.191338 0.568569 0.074153 0.172753
1 0.334924 0.604580 0.021661 0.070560
7 0.198557 0.426236 0.059715 0.058383
7 0.196917 0.361757 0.059069 0.065692
7 0.198230 0.297286 0.059060 0.063250
7 0.195935 0.232807 0.055780 0.058398
6 0.416753 0.743756 0.087936 0.048663
13 0.313070 0.592302 0.032819 0.032846
