7 0.570789 0.578266 0.026477 0.092706
7 0.595747 0.625801 0.029530 0.099813
7 0.732592 0.136050 0.031040 0.088958
7 0.753079 0.179596 0.028154 0.091198
7 0.776590 0.218079 0.033263 0.082131
7 0.800638 0.268476 0.030554 0.099844
7 0.524329 0.491991 0.034866 0.086376
7 0.549937 0.537014 0.035914 0.089829
6 0.645508 0.745303 0.097777 0.136392
1 0.758880 0.599798 0.019874 0.064479
6 0.707953 0.703686 0.049211 0.044323
6 0.902563 0.520723 0.045931 0.039269
6 0.822903 0.657916 0.046846 0.049642
4 0.809060 0.518818 0.081376 0.144635
4 0.685654 0.588103 0.081376 0.144790
6 0.759371 0.760622 0.134329 0.135490
0 0.643083 0.329697 0.219841 0.332426
13 0.738972 0.619673 0.019690 0.053530
6 0.859581 0.381283 0.099463 0.142659
6 0.868171 0.599448 0.080050 0.049222
0 0.756363 0.442488 0.102374 0.118911
