7 0.323570 0.780863 0.032810 0.093670
7 0.358352 0.783896 0.030193 0.092457
4 0.401531 0.636827 0.085310 0.186128
0 0.398251 0.436703 0.066938 0.187341
0 0.272253 0.527333 0.165378 0.383219
4 0.465516 0.423950 0.078096 0.176361
6 0.530155 0.507255 0.045931 0.038927
6 0.541309 0.406283 0.023624 0.160591
6 0.530482 0.298017 0.047911 0.051089
6 0.436967 0.260303 0.095814 0.136252
7 0.288465 0.782683 0.028221 0.094883
7 0.253356 0.781470 0.028876 0.090031
1 0.461577 0.548624 0.033473 0.034075
7 0.360650 0.249837 0.030847 0.092457
7 0.324560 0.248009 0.032156 0.098538
7 0.291414 0.249844 0.031502 0.099751
6 0.464207 0.691571 0.032156 0.076641
6 0.522609 0.669059 0.066275 0.267636
6 0.438612 0.804098 0.097777 0.133826
7 0.254669 0.250451 0.032810 0.098538
13 0.454161 0.588585 0.018372 0.047558
