7 0.708456 0.249837 0.057097 0.060824
1 0.552139 0.621011 0.022970 0.064479
7 0.709442 0.436579 0.056435 0.057170
7 0.708456 0.376361 0.059715 0.055956
7 0.709115 0.307022 0.055780 0.060824
7 0.420038 0.377574 0.055126 0.065692
7 0.419706 0.438398 0.058406 0.055956
13 0.527659 0.606897 0.030185 0.030404
7 0.417416 0.308841 0.059060 0.054759
6 0.492223 0.735848 0.140436 0.120435
6 0.579178 0.741928 0.021661 0.079067
6 0.632332 0.759572 0.083339 0.048663
6 0.690084 0.737667 0.024279 0.087589
6 0.413805 0.582566 0.071535 0.173966
0 0.561657 0.284020 0.220495 0.307792
0 0.612844 0.499961 0.111560 0.119207
6 0.474836 0.629401 0.049220 0.053515
7 0.417085 0.251664 0.055780 0.062053
4 0.503905 0.516384 0.098431 0.135039
4 0.617433 0.628313 0.093188 0.125303
6 0.713049 0.578919 0.072844 0.169098
