7 0.886296 0.883663 0.032156 0.094883
4 0.778872 0.518818 0.074807 0.171540
13 0.727815 0.558841 0.017055 0.046236
7 0.819362 0.367846 0.029530 0.102193
7 0.850201 0.366019 0.029530 0.096112
7 0.880063 0.360552 0.027559 0.092457
7 0.915826 0.364191 0.032156 0.092457
7 0.822970 0.893390 0.031493 0.102177
7 0.854799 0.887309 0.030839 0.094899
6 0.656154 0.848499 0.045931 0.045023
7 0.920096 0.890350 0.032810 0.091244
4 0.720461 0.732924 0.074815 0.173966
0 0.784153 0.709821 0.063070 0.190995
0 0.903226 0.624044 0.160780 0.379565
6 0.718826 0.462247 0.024279 0.082722
6 0.658779 0.643515 0.043314 0.041369
6 0.644669 0.741446 0.025596 0.152068
1 0.721120 0.598499 0.038062 0.038927
6 0.745730 0.345467 0.092534 0.136252
6 0.747701 0.897776 0.093842 0.119222
6 0.660419 0.491446 0.071527 0.245754
