6 0.576019 0.612947 0.074388 0.190995
6 0.581267 0.391851 0.141040 0.135801
6 0.549501 0.497589 0.045277 0.052877
6 0.487802 0.200086 0.032550 0.161260
6 0.521586 0.288989 0.048557 0.054059
6 0.440726 0.134020 0.043968 0.053670
6 0.364715 0.221975 0.103188 0.136641
7 0.304031 0.329829 0.030327 0.097325
13 0.504153 0.444813 0.015621 0.048476
4 0.488331 0.544705 0.081376 0.145552
4 0.451124 0.314448 0.087282 0.138538
0 0.402315 0.408266 0.099094 0.121633
0 0.350432 0.633647 0.220982 0.337589
1 0.494237 0.409028 0.019581 0.059611
7 0.253859 0.415521 0.034262 0.099751
7 0.488263 0.748554 0.031913 0.096112
7 0.512244 0.701983 0.028901 0.099767
7 0.445931 0.841065 0.029044 0.090031
7 0.465369 0.789145 0.034044 0.091291
7 0.281288 0.368110 0.035629 0.100980
7 0.229354 0.457908 0.034883 0.102193
